#DestCPU:High Medium Low
#TaskLength:High Medium Low
#DestRem:High Medium Low
#DestMob:High Medium Low
@Offload:High Medium Low
=Data=
0.0 0.0 1.0 0.0 1.0 0.0 1.0 0.0 0.0 1.0 0.0 0.0 0.9365017428332008 0.06349825716679924 0.0
0.0 0.0 1.0 0.0 1.0 0.0 1.0 0.0 0.0 0.0 0.0 1.0 0.9222250004761225 0.07777499952387745 0.0
0.0 0.0 1.0 0.0 1.0 0.0 1.0 0.0 0.0 0.0 1.0 0.0 0.9733544898446931 0.026645510155306917 0.0
0.0 0.0 1.0 0.0 0.0 1.0 1.0 0.0 0.0 1.0 0.0 0.0 0.9783844932075263 0.021615506792473704 0.0
0.0 0.0 1.0 0.0 0.0 1.0 1.0 0.0 0.0 0.0 1.0 0.0 0.9619547348757258 0.0380452651242742 0.0
0.0 0.0 1.0 0.0 0.0 1.0 1.0 0.0 0.0 0.0 0.0 1.0 0.984746243478714 0.015253756521286022 0.0
0.0 0.0 1.0 1.0 0.0 0.0 1.0 0.0 0.0 0.0 1.0 0.0 0.739677290916269 0.260322709083731 0.0
0.0 0.0 1.0 1.0 0.0 0.0 1.0 0.0 0.0 0.0 0.0 1.0 0.7263542989720888 0.2736457010279112 0.0
0.0 0.0 1.0 1.0 0.0 0.0 1.0 0.0 0.0 1.0 0.0 0.0 0.8251909771005288 0.1748090228994712 0.0